Threads: 7
dx: 1.05e-01
N: 20

Iterations	U* iters	P' iters	L2 norm		P error		U error
0.00e+00	1.03e+03	2.72e+04	1.00e+00	1.269e+01	1.818e+00	
1.00e+01	9.94e+02	2.17e+04	7.91e-02	2.395e+01	2.334e+00	
2.00e+01	9.81e+02	2.21e+04	3.62e-02	2.126e+01	2.357e+00	
3.00e+01	9.74e+02	2.07e+04	3.30e-02	2.310e+01	2.402e+00	
4.00e+01	9.75e+02	1.98e+04	1.66e-02	2.393e+01	2.457e+00	
5.00e+01	9.34e+02	1.96e+04	1.30e-02	2.261e+01	2.436e+00	
6.00e+01	9.18e+02	1.75e+04	6.66e-03	2.220e+01	2.409e+00	
7.00e+01	9.10e+02	1.75e+04	4.46e-03	2.248e+01	2.404e+00	
8.00e+01	8.92e+02	1.45e+04	2.23e-03	2.256e+01	2.403e+00	
9.00e+01	8.93e+02	1.24e+04	1.65e-03	2.252e+01	2.399e+00	
1.00e+02	8.98e+02	1.48e+04	1.47e-03	2.244e+01	2.393e+00	
1.10e+02	9.07e+02	1.30e+04	1.51e-03	2.230e+01	2.386e+00	
1.20e+02	9.13e+02	1.46e+04	1.06e-03	2.217e+01	2.377e+00	
1.30e+02	9.12e+02	1.35e+04	7.21e-04	2.210e+01	2.370e+00	
1.40e+02	9.06e+02	8.52e+03	5.68e-04	2.208e+01	2.365e+00	
1.50e+02	8.98e+02	1.21e+04	4.06e-04	2.207e+01	2.361e+00	
1.60e+02	8.90e+02	1.26e+04	2.75e-04	2.206e+01	2.358e+00	
1.70e+02	8.84e+02	1.20e+04	2.81e-04	2.203e+01	2.355e+00	
1.80e+02	8.83e+02	9.15e+03	3.19e-04	2.200e+01	2.352e+00	
1.90e+02	8.83e+02	1.06e+04	3.03e-04	2.196e+01	2.349e+00	
2.00e+02	8.82e+02	1.10e+04	2.54e-04	2.193e+01	2.346e+00	
2.10e+02	8.79e+02	1.05e+04	2.04e-04	2.190e+01	2.344e+00	
2.20e+02	8.76e+02	8.97e+03	1.66e-04	2.188e+01	2.342e+00	
2.30e+02	8.71e+02	7.31e+03	1.37e-04	2.187e+01	2.340e+00	
2.40e+02	8.66e+02	8.68e+03	1.18e-04	2.186e+01	2.338e+00	
2.50e+02	8.61e+02	8.40e+03	1.06e-04	2.185e+01	2.337e+00	
2.60e+02	8.57e+02	7.24e+03	9.90e-05	2.184e+01	2.336e+00	
2.70e+02	8.54e+02	1.71e+03	9.17e-05	2.183e+01	2.335e+00	
2.80e+02	8.51e+02	6.19e+03	8.35e-05	2.182e+01	2.334e+00	
2.90e+02	8.48e+02	6.28e+03	7.49e-05	2.181e+01	2.333e+00	
3.00e+02	8.44e+02	5.77e+03	6.69e-05	2.180e+01	2.332e+00	
3.10e+02	8.41e+02	5.03e+03	5.97e-05	2.179e+01	2.331e+00	
3.20e+02	8.37e+02	4.51e+03	5.33e-05	2.179e+01	2.330e+00	
3.30e+02	8.34e+02	4.46e+03	4.77e-05	2.178e+01	2.330e+00	
3.40e+02	8.30e+02	4.51e+03	4.26e-05	2.177e+01	2.329e+00	
3.50e+02	8.26e+02	4.37e+03	3.79e-05	2.177e+01	2.329e+00	
3.60e+02	8.22e+02	3.95e+03	3.38e-05	2.177e+01	2.328e+00	
3.70e+02	8.19e+02	3.23e+03	3.01e-05	2.176e+01	2.328e+00	
3.80e+02	8.15e+02	2.23e+03	2.68e-05	2.176e+01	2.328e+00	
3.90e+02	8.11e+02	1.43e+03	2.40e-05	2.176e+01	2.327e+00	
4.00e+02	8.07e+02	1.48e+03	2.16e-05	2.175e+01	2.327e+00	
4.10e+02	8.03e+02	2.10e+03	1.94e-05	2.175e+01	2.327e+00	
4.20e+02	8.00e+02	2.50e+03	1.74e-05	2.175e+01	2.326e+00	
4.30e+02	7.96e+02	2.66e+03	1.56e-05	2.175e+01	2.326e+00	
4.40e+02	7.92e+02	2.66e+03	1.40e-05	2.175e+01	2.326e+00	
4.50e+02	7.88e+02	2.53e+03	1.25e-05	2.175e+01	2.326e+00	
4.60e+02	7.85e+02	2.35e+03	1.12e-05	2.174e+01	2.326e+00	
4.70e+02	7.81e+02	2.14e+03	1.00e-05	2.174e+01	2.326e+00	
4.80e+02	7.77e+02	1.94e+03	8.96e-06	2.174e+01	2.326e+00	
4.90e+02	7.73e+02	1.77e+03	8.02e-06	2.174e+01	2.325e+00	
5.00e+02	7.69e+02	1.62e+03	7.17e-06	2.174e+01	2.325e+00	
5.10e+02	7.65e+02	1.49e+03	6.42e-06	2.174e+01	2.325e+00	
5.20e+02	7.61e+02	1.36e+03	5.74e-06	2.174e+01	2.325e+00	
5.30e+02	7.57e+02	1.24e+03	5.14e-06	2.174e+01	2.325e+00	
5.40e+02	7.53e+02	1.14e+03	4.60e-06	2.174e+01	2.325e+00	
5.50e+02	7.49e+02	1.05e+03	4.12e-06	2.174e+01	2.325e+00	
5.60e+02	7.45e+02	9.75e+02	3.69e-06	2.174e+01	2.325e+00	
5.70e+02	7.41e+02	8.96e+02	3.30e-06	2.174e+01	2.325e+00	
5.80e+02	7.37e+02	8.28e+02	2.96e-06	2.174e+01	2.325e+00	
5.90e+02	7.33e+02	7.58e+02	2.65e-06	2.174e+01	2.325e+00	
6.00e+02	7.29e+02	6.88e+02	2.37e-06	2.174e+01	2.325e+00	
6.10e+02	7.25e+02	6.27e+02	2.12e-06	2.174e+01	2.325e+00	
6.20e+02	7.21e+02	5.55e+02	1.90e-06	2.173e+01	2.325e+00	
6.30e+02	7.17e+02	5.07e+02	1.70e-06	2.173e+01	2.325e+00	
6.40e+02	7.13e+02	4.62e+02	1.52e-06	2.173e+01	2.325e+00	
6.50e+02	7.09e+02	4.17e+02	1.36e-06	2.173e+01	2.325e+00	
6.60e+02	7.04e+02	3.79e+02	1.22e-06	2.173e+01	2.325e+00	
6.70e+02	7.00e+02	3.43e+02	1.09e-06	2.173e+01	2.325e+00	
6.80e+02	6.96e+02	3.05e+02	9.77e-07	2.173e+01	2.325e+00	

Mass Flow Rate:
1.1896	1.1896	1.1896	1.1896	1.1896	1.1896	1.1896	1.1896	1.1896	1.1896	1.1896	1.1896	1.1896	1.1896	1.1896	1.1896	1.1896	1.1896	1.1896	

u:
9.6177	6.9543	5.4462	4.4756	3.7986	3.2995	2.9163	2.6129	2.3667	2.1628	1.9913	1.8450	1.7188	1.6087	1.5118	1.4260	1.3493	1.2805	1.2184	

p:
-60.7522	-41.2964	-21.7268	-13.2313	-8.7868	-6.1724	-4.5049	-3.3765	-2.5774	-1.9908	-1.5476	-1.2045	-0.9335	-0.7157	-0.5380	-0.3912	-0.2685	-0.1649	-0.0767	0.0000	

Time: 6.885e+00 s