# Index MassFlow u p
0 333607160.9411 3511654325.6954 99998331964195.2969
1 333607160.9462 3924790128.7787 93795272731492.6719
2 333607160.9523 4448095479.3642 93469330513127.6094
3 333607160.9548 5132417860.8435 93595473826903.3594
4 333607160.9520 6065584744.5810 91790619043473.9062
5 333607160.9452 7413492465.4478 87823721890203.0156
6 333607160.9378 9531633169.6518 81954711888704.9062
7 333607160.9324 13344286437.2969 73250729392802.7969
8 333607160.9303 22240477395.3560 54423404570660.6172
