Threads: 7
dx: 1.05e-01
N: 20

Iterations	U* iters	P' iters	L2 norm		P error		U error
0.00e+00	1.05e+03	2.04e+04	1.00e+00	9.814e+00	5.386e+00	
1.00e+01	1.04e+03	1.72e+04	3.91e-02	6.821e+00	4.268e+00	
2.00e+01	1.03e+03	1.39e+04	3.96e-02	5.066e+00	3.409e+00	
3.00e+01	1.02e+03	1.67e+04	2.55e-02	4.005e+00	2.568e+00	
4.00e+01	1.01e+03	1.08e+04	3.13e-02	2.702e+00	1.904e+00	
5.00e+01	9.96e+02	1.67e+04	1.70e-02	2.659e+00	1.517e+00	
6.00e+01	9.85e+02	1.12e+04	2.58e-02	1.687e+00	1.184e+00	
7.00e+01	9.80e+02	1.65e+04	1.33e-02	1.846e+00	7.892e-01	
8.00e+01	9.72e+02	1.13e+04	1.96e-02	9.340e-01	5.108e-01	
9.00e+01	9.54e+02	1.62e+04	9.32e-03	1.243e+00	4.281e-01	
1.00e+02	9.38e+02	1.22e+04	1.39e-02	6.949e-01	3.633e-01	
1.10e+02	9.38e+02	1.58e+04	7.26e-03	8.101e-01	2.264e-01	
1.20e+02	9.33e+02	1.14e+04	1.01e-02	4.428e-01	1.288e-01	
1.30e+02	9.10e+02	1.54e+04	5.24e-03	6.187e-01	1.233e-01	
1.40e+02	8.89e+02	1.06e+04	7.99e-03	3.377e-01	1.120e-01	
1.50e+02	9.04e+02	1.51e+04	4.06e-03	5.150e-01	5.112e-02	
1.60e+02	9.02e+02	1.11e+04	6.24e-03	2.439e-01	1.276e-02	
1.70e+02	8.53e+02	1.46e+04	3.07e-03	3.731e-01	2.882e-02	
1.80e+02	8.21e+02	1.12e+04	4.50e-03	1.926e-01	3.965e-02	
1.90e+02	8.60e+02	1.42e+04	2.33e-03	2.545e-01	1.632e-02	
2.00e+02	8.68e+02	1.07e+04	3.32e-03	1.369e-01	3.140e-04	
2.10e+02	7.41e+02	1.38e+04	1.73e-03	2.033e-01	1.021e-02	
2.20e+02	8.24e+02	1.02e+04	2.61e-03	1.047e-01	1.640e-02	
2.30e+02	8.39e+02	1.34e+04	1.33e-03	1.634e-01	2.918e-03	
2.40e+02	8.48e+02	1.02e+04	1.99e-03	8.119e-02	6.161e-03	
2.50e+02	7.79e+02	1.29e+04	1.02e-03	1.161e-01	1.321e-03	
2.60e+02	8.24e+02	9.96e+03	1.46e-03	6.130e-02	6.967e-03	
2.70e+02	7.99e+02	1.25e+04	7.65e-04	8.545e-02	9.306e-04	
2.80e+02	8.21e+02	9.52e+03	1.10e-03	4.535e-02	3.541e-03	
2.90e+02	7.81e+02	1.21e+04	5.77e-04	6.740e-02	8.306e-04	
3.00e+02	8.08e+02	9.21e+03	8.47e-04	3.491e-02	3.974e-03	
3.10e+02	7.82e+02	1.17e+04	4.42e-04	5.095e-02	3.369e-04	
3.20e+02	8.05e+02	8.97e+03	6.37e-04	2.670e-02	2.434e-03	
3.30e+02	7.58e+02	1.12e+04	3.36e-04	3.778e-02	3.502e-05	
3.40e+02	7.92e+02	8.65e+03	4.76e-04	2.022e-02	2.021e-03	
3.50e+02	7.55e+02	1.08e+04	2.55e-04	2.842e-02	1.281e-04	
3.60e+02	7.84e+02	8.29e+03	3.60e-04	1.528e-02	1.409e-03	
3.70e+02	7.43e+02	1.04e+04	1.93e-04	2.157e-02	8.590e-06	
3.80e+02	7.74e+02	7.95e+03	2.73e-04	1.160e-02	1.140e-03	
3.90e+02	7.36e+02	9.97e+03	1.47e-04	1.646e-02	5.720e-05	
4.00e+02	7.66e+02	7.64e+03	2.06e-04	8.905e-03	8.556e-04	
4.10e+02	7.22e+02	9.54e+03	1.12e-04	1.230e-02	6.280e-05	
4.20e+02	7.56e+02	7.30e+03	1.55e-04	6.773e-03	6.365e-04	
4.30e+02	7.10e+02	9.11e+03	8.52e-05	9.199e-03	5.504e-05	
4.40e+02	7.46e+02	6.94e+03	1.17e-04	5.104e-03	4.690e-04	
4.50e+02	7.02e+02	8.69e+03	6.47e-05	7.033e-03	2.827e-05	
4.60e+02	7.36e+02	6.59e+03	8.86e-05	3.908e-03	3.730e-04	
4.70e+02	6.92e+02	8.26e+03	4.94e-05	5.309e-03	3.903e-05	
4.80e+02	7.28e+02	6.26e+03	6.67e-05	2.990e-03	2.753e-04	
4.90e+02	6.78e+02	7.84e+03	3.77e-05	3.977e-03	3.150e-05	
5.00e+02	7.17e+02	5.91e+03	5.02e-05	2.269e-03	2.064e-04	
5.10e+02	6.68e+02	7.42e+03	2.87e-05	3.009e-03	2.425e-05	
5.20e+02	7.07e+02	5.55e+03	3.80e-05	1.729e-03	1.572e-04	
5.30e+02	6.57e+02	7.00e+03	2.19e-05	2.278e-03	2.029e-05	
5.40e+02	6.98e+02	5.21e+03	2.87e-05	1.322e-03	1.193e-04	
5.50e+02	6.45e+02	6.58e+03	1.67e-05	1.722e-03	1.721e-05	
5.60e+02	6.88e+02	4.86e+03	2.17e-05	1.012e-03	9.025e-05	
5.70e+02	6.33e+02	6.16e+03	1.28e-05	1.299e-03	1.443e-05	
5.80e+02	6.77e+02	4.52e+03	1.64e-05	7.738e-04	6.797e-05	
5.90e+02	6.21e+02	5.75e+03	9.79e-06	9.828e-04	1.158e-05	
6.00e+02	6.67e+02	4.18e+03	1.24e-05	5.923e-04	5.154e-05	
6.10e+02	6.10e+02	5.34e+03	7.51e-06	7.465e-04	9.307e-06	
6.20e+02	6.57e+02	3.85e+03	9.40e-06	4.558e-04	3.937e-05	
6.30e+02	5.98e+02	4.94e+03	5.78e-06	5.666e-04	7.824e-06	
6.40e+02	6.47e+02	3.53e+03	7.13e-06	3.516e-04	2.986e-05	
6.50e+02	5.85e+02	4.54e+03	4.47e-06	4.306e-04	6.412e-06	
6.60e+02	6.37e+02	3.22e+03	5.42e-06	2.718e-04	2.272e-05	
6.70e+02	5.73e+02	4.15e+03	3.46e-06	3.287e-04	5.227e-06	
6.80e+02	6.27e+02	2.93e+03	4.13e-06	2.113e-04	1.740e-05	
6.90e+02	5.60e+02	3.77e+03	2.70e-06	2.521e-04	4.310e-06	
7.00e+02	6.16e+02	2.65e+03	3.17e-06	1.656e-04	1.341e-05	
7.10e+02	5.47e+02	3.41e+03	2.13e-06	1.941e-04	3.628e-06	
7.20e+02	6.06e+02	2.39e+03	2.44e-06	1.307e-04	1.034e-05	
7.30e+02	5.34e+02	3.06e+03	1.69e-06	1.503e-04	3.055e-06	
7.40e+02	5.97e+02	2.16e+03	1.88e-06	1.042e-04	8.038e-06	
7.50e+02	5.20e+02	2.74e+03	1.36e-06	1.174e-04	2.600e-06	
7.60e+02	5.87e+02	1.95e+03	1.47e-06	8.424e-05	6.312e-06	
7.70e+02	5.05e+02	2.44e+03	1.11e-06	9.254e-05	2.264e-06	
7.80e+02	5.78e+02	1.78e+03	1.16e-06	6.915e-05	4.997e-06	
7.90e+02	4.89e+02	2.16e+03	9.23e-07	7.367e-05	2.007e-06	

Mass Flow Rate:
0.4472	0.4472	0.4472	0.4472	0.4472	0.4472	0.4472	0.4472	0.4472	0.4472	0.4472	0.4472	0.4472	0.4472	0.4472	0.4472	0.4472	0.4472	0.4472	

u:
4.4721	4.4721	4.4721	4.4721	4.4721	4.4721	4.4721	4.4721	4.4721	4.4721	4.4721	4.4721	4.4721	4.4721	4.4721	4.4721	4.4721	4.4721	4.4721	

p:
-0.0000	-0.0000	-0.0000	-0.0000	0.0000	0.0000	0.0001	0.0001	0.0001	0.0001	0.0001	0.0001	0.0001	0.0001	0.0001	0.0001	0.0001	0.0000	0.0000	0.0000	

Time: 1.064e+01 s